’ vm. ΜετκοκνΜ mevit.

hexametri: 3. 5. 7. 10. 12. 1119. 26. 31. 44-46. 59. 65-67. 72. 76.
78. 80. 81. 87. 92. 101. 108. 109. 115. 157-166.171. 178-
181. 213. 262. 270. 271. 2721). 280. 281. 283. 285. 290. 294.
304-306. 312. 320. 322. 312. 341. 349-351. 354. 355. 361.
365. 308. 375. 379. 380. 385³. 389. 390. 392. 401-404. 408
(1). 415. 416. 420. 422. 427-429. 438. 441. 444. 445. 449.
450. 4526. 454, 456-458. 460. 472. 475. 479. 480. 484. 502
ab. 503. 513. 520-522. 526. 535. 537. 540. 541. 544. 584.
586-588. 590. 591, 594. 601. 607-610. 612. 618. 620. 632.
633-637. 645(1). 647-650. 652. 656. 658-661. 671. 675.
676. 680. 682. 692. 691. 700. 702. 703. 705. 707. 711. 713.
714. 726. 727. 729-732. 738. 739. 711. 742. 747. 757. 760.
772. 775-778. 781. 789. 792. 600. 805. 8072. 808. 809. 819.
820. 827⁸. 840. 865. 870. 871. 875. 887. 891. 892. 896. 897.
899. 908. 911. 918-922. 925. 934. 936. 941. 946. 950-952.
960. 9620). 963. 970. 971. 997-999. 1009. 1011. 1013. 1016.
1019. 1023-1026. 1027ee v. 30 sqq. 1028. 1029.1031-1031
(v. 1-1. 15-32). 1035—1038. 1041. 1042. 1046. 1055. 1057
-1060, 1062-1069. 1071. 1074. 1076. 1082.1091.1091. 1008.
1100.1105. 1110. 1113. 1116. 1120. 1121. 1123. 1124. 1128.
1134. 1136. 1140. Δᾱά. ta. 181a. 197a. 3138. 333³. 161³. 1632.
6168.903a.1029e. praef. 1100a.
hexametro subiecta tripodia dactylica 188. 800.
„ ¹ subiecti pentametri tres 113.
„ senarii duo 282. 360. 798.
hexametris singulis subiecti singuli senarii (pythiamb. 11) 211.
„ „ „ „ dimetri iambici 154. 155.
„ duobus subiectus pentameter 52. 132. 171. 370. 400. 662. 666.
687. 823 (bie). 1008.

 

